y = 4.00735 + 0.889706x

y = -0.226447 + 0.938787x

